2.8385732 2.3825421 2.3426347 2.3654256 2.3886623 2.3796890 2.3853879 2.3558543 2.3927419 2.3992825 2.3330598 2.3893785 -0.2057482 -0.2041463 -0.2062145 -0.2021689 -0.2035593 -0.2036810 -0.2031236 -0.2013224 -0.2014689 -0.1974357 -0.1970186 -0.1956545 -0.1879790 -0.1818356 -0.1840408 -0.1753692 -0.1875085 -0.1914499 -0.1756617 -0.1839801 -0.1892076 -0.1746374 -0.1786349 -0.1809228 -0.1833236 -0.1861833 -0.1833331 -0.1984864 -0.2052170 -0.1909386 -0.1753906 -0.1884823 -0.1836689 -0.1897932 -0.2020859 -0.1966267 -0.1844927 -0.1990771 -0.1986196 -0.1951739 -0.2036693 -0.1844912 -0.1894833 -0.1867753 -0.2010983 -0.2027124 -0.0969864 -0.1075496 -0.1020344 -0.0976027 -0.1434875 -0.1026419 -0.1061585 -0.0661760 -0.0866620 -0.1041856 -0.1158069 -0.2162978 -0.2283605 -0.2024563 -0.2187368 -0.2294766 -0.2426682 -0.2343178 -0.0911729 -0.2443716 -0.2331360 -0.2473730 -0.2143821 -0.2132585 -0.2378364 -0.2240850 -0.2498719 -0.2224623 -0.2531817 -0.2388718 -0.2252033 -0.2266252 -0.2271001 -0.2505626 -0.2454762 -0.2386188 -0.2282063 -0.2454544 -0.2479232 -0.2551273 -0.2459083
2.3825421 2.8343050 2.3366504 2.3600762 2.3874753 2.3753204 2.3789325 2.3523035 2.3795431 2.3940475 2.3301210 2.3857775 -0.2057992 -0.2040370 -0.2048495 -0.2020248 -0.2028276 -0.2032462 -0.2039535 -0.2022207 -0.2004965 -0.1971057 -0.1966169 -0.1946277 -0.1866029 -0.1817616 -0.1822653 -0.1738304 -0.1855472 -0.1893418 -0.1759172 -0.1843095 -0.1882954 -0.1744805 -0.1765574 -0.1808474 -0.1824933 -0.1858335 -0.1853002 -0.1969352 -0.2047241 -0.1906715 -0.1741385 -0.1886514 -0.1817002 -0.1892873 -0.1998935 -0.1937469 -0.1846723 -0.1989149 -0.1974764 -0.1948323 -0.2026765 -0.1855877 -0.1913845 -0.1871469 -0.1997569 -0.2022360 -0.0967617 -0.1062334 -0.1037691 -0.1005526 -0.1434232 -0.1022122 -0.1067466 -0.0666689 -0.0866851 -0.1042580 -0.1164812 -0.2153302 -0.2285602 -0.2014402 -0.2167930 -0.2286271 -0.2443042 -0.2325918 -0.0901824 -0.2438654 -0.2342775 -0.2470192 -0.2165539 -0.2150212 -0.2374119 -0.2229274 -0.2486204 -0.2220153 -0.2530968 -0.2368982 -0.2243942 -0.2255209 -0.2275593 -0.2487935 -0.2448683 -0.2373555 -0.2274136 -0.2467654 -0.2477742 -0.2550592 -0.2456627
2.3426347 2.3366504 2.7711954 2.3223515 2.3468447 2.3377154 2.3446898 2.3148448 2.3423090 2.3532183 2.2897024 2.3440521 -0.2119896 -0.2097351 -0.2116405 -0.2081156 -0.2090831 -0.2091558 -0.2086500 -0.2070918 -0.2061356 -0.2017566 -0.2024977 -0.2014058 -0.1908825 -0.1860641 -0.1865072 -0.1766782 -0.1872333 -0.1919425 -0.1789733 -0.1883729 -0.1899110 -0.1796845 -0.1792184 -0.1827440 -0.1852605 -0.1879748 -0.1853515 -0.1971367 -0.2046407 -0.1915894 -0.1769970 -0.1911956 -0.1839102 -0.1907485 -0.2016422 -0.1973626 -0.1887754 -0.2029493 -0.2022320 -0.2012871 -0.2077917 -0.1887049 -0.1958670 -0.1939591 -0.2068760 -0.2090886 -0.0984176 -0.1069771 -0.1037890 -0.1009271 -0.1419490 -0.1036788 -0.1071898 -0.0682312 -0.0902510 -0.1046147 -0.1168349 -0.2068254 -0.2169020 -0.1940160 -0.2092200 -0.2196874 -0.2335628 -0.2247385 -0.0842628 -0.2347692 -0.2243116 -0.2385121 -0.2080905 -0.2046991 -0.2272705 -0.2159168 -0.2396571 -0.2134426 -0.2456667 -0.2317543 -0.2162115 -0.2195855 -0.2182549 -0.2406137 -0.2358524 -0.2301301 -0.2196900 -0.2407353 -0.2374178 -0.2467500 -0.2375851
2.3654256 2.3600762 2.3223515 2.8071103 2.3688133 2.3588047 2.3637042 2.3332260 2.3612609 2.3765030 2.3112254 2.3678479 -0.2023041 -0.2011431 -0.2015716 -0.1985502 -0.2010271 -0.2011971 -0.2007633 -0.1985200 -0.1982776 -0.1944301 -0.1940998 -0.1924702 -0.1865467 -0.1807072 -0.1816890 -0.1736507 -0.1835822 -0.1887597 -0.1757933 -0.1835517 -0.1874872 -0.1736532 -0.1757102 -0.1793469 -0.1836844 -0.1854596 -0.1852847 -0.1953953 -0.2035082 -0.1892996 -0.1742003 -0.1871500 -0.1807799 -0.1892180 -0.1998323 -0.1946233 -0.1816380 -0.1957596 -0.1953078 -0.1919524 -0.2001415 -0.1809984 -0.1871515 -0.1850067 -0.1979935 -0.2003116 -0.0956065 -0.1049438 -0.1008344 -0.0964940 -0.1406141 -0.1004146 -0.1044784 -0.0642017 -0.0872910 -0.1022722 -0.1146090 -0.2146447 -0.2270784 -0.2010431 -0.2191762 -0.2282840 -0.2421529 -0.2327991 -0.0914712 -0.2433583 -0.2334700 -0.2456825 -0.2155558 -0.2149865 -0.2370574 -0.2238324 -0.2479199 -0.2218534 -0.2536260 -0.2375645 -0.2238739 -0.2262223 -0.2258868 -0.2477373 -0.2441928 -0.2379615 -0.2276814 -0.2479443 -0.2466476 -0.2540980 -0.2466132
2.3886623 2.3874753 2.3468447 2.3688133 2.8561451 2.3867199 2.3919299 2.3608398 2.3911519 2.4037218 2.3398945 2.3958056 -0.2044864 -0.2025342 -0.2041547 -0.2006596 -0.2018970 -0.2030171 -0.2013129 -0.1997390 -0.1995374 -0.1968079 -0.1956072 -0.1934542 -0.1861078 -0.1801673 -0.1798478 -0.1738186 -0.1837444 -0.1890930 -0.1748485 -0.1813275 -0.1867687 -0.1739766 -0.1745823 -0.1783641 -0.1808508 -0.1846244 -0.1828211 -0.1963230 -0.2020519 -0.1877642 -0.1743848 -0.1879058 -0.1801520 -0.1885604 -0.1995562 -0.1931122 -0.1818729 -0.1962915 -0.1969251 -0.1938452 -0.2026607 -0.1822446 -0.1898337 -0.1855362 -0.1990717 -0.2006444 -0.0943481 -0.1052875 -0.0999805 -0.0972045 -0.1419800 -0.0997830 -0.1071716 -0.0629642 -0.0846330 -0.1035877 -0.1140839 -0.2185522 -0.2299470 -0.2041208 -0.2207440 -0.2308929 -0.2453958 -0.2370846 -0.0923620 -0.2482781 -0.2372816 -0.2496636 -0.2170706 -0.2178048 -0.2421876 -0.2255271 -0.2518827 -0.2226270 -0.2563840 -0.2405580 -0.2277675 -0.2294756 -0.2298278 -0.2513133 -0.2475308 -0.2392709 -0.2291568 -0.2484376 -0.2502211 -0.2576168 -0.2486813
2.3796890 2.3753204 2.3377154 2.3588047 2.3867199 2.8388362 2.3802958 2.3498867 2.3790305 2.3935421 2.3271885 2.3852708 -0.1997321 -0.1976080 -0.1979257 -0.1957634 -0.1969417 -0.1981769 -0.1982605 -0.1950165 -0.1957709 -0.1920195 -0.1913633 -0.1889862 -0.1833882 -0.1756123 -0.1782630 -0.1712997 -0.1805078 -0.1860144 -0.1707909 -0.1788582 -0.1839963 -0.1700524 -0.1728666 -0.1767527 -0.1776592 -0.1805307 -0.1796897 -0.1922274 -0.1992201 -0.1873914 -0.1699921 -0.1831571 -0.1755822 -0.1856055 -0.1965939 -0.1904595 -0.1783795 -0.1922362 -0.1937485 -0.1895973 -0.1987237 -0.1777574 -0.1846721 -0.1814983 -0.1947313 -0.1966913 -0.0930348 -0.1033982 -0.1002857 -0.0948091 -0.1405979 -0.0984262 -0.1059081 -0.0596804 -0.0834370 -0.1002391 -0.1120201 -0.2203635 -0.2345601 -0.2062898 -0.2220280 -0.2323252 -0.2468380 -0.2384797 -0.0947755 -0.2484296 -0.2393312 -0.2522086 -0.2204611 -0.2206547 -0.2440488 -0.2281426 -0.2537210 -0.2239124 -0.2577651 -0.2419265 -0.2291282 -0.2323031 -0.2295613 -0.2529804 -0.2480651 -0.2424247 -0.2313161 -0.2509647 -0.2511594 -0.2594108 -0.2507911
2.3853879 2.3789325 2.3446898 2.3637042 2.3919299 2.3802958 2.8499358 2.3559380 2.3851402 2.3989065 2.3329942 2.3886344 -0.2010771 -0.1985226 -0.2001302 -0.1971658 -0.1979694 -0.2001270 -0.1992285 -0.1969401 -0.1957752 -0.1921254 -0.1915738 -0.1912493 -0.1816366 -0.1758324 -0.1777346 -0.1679246 -0.1776637 -0.1855430 -0.1702930 -0.1771775 -0.1827571 -0.1690492 -0.1706046 -0.1754133 -0.1768736 -0.1804197 -0.1795035 -0.1921907 -0.1985220 -0.1829641 -0.1696079 -0.1835171 -0.1760310 -0.1843364 -0.1948515 -0.1903236 -0.1782985 -0.1928865 -0.1935948 -0.1892308 -0.1984254 -0.1789522 -0.1846347 -0.1797842 -0.1946995 -0.1973575 -0.0907837 -0.1025502 -0.0986425 -0.0954725 -0.1412333 -0.0990258 -0.1027999 -0.0609644 -0.0840588 -0.1012454 -0.1124472 -0.2217953 -0.2332392 -0.2092035 -0.2238085 -0.2328106 -0.2476628 -0.2391883 -0.0973409 -0.2510874 -0.2411867 -0.2531496 -0.2220972 -0.2191939 -0.2444161 -0.2295889 -0.2554816 -0.2258877 -0.2586211 -0.2417817 -0.2303188 -0.2304586 -0.2325259 -0.2545780 -0.2506703 -0.2429195 -0.2337934 -0.2535617 -0.2521640 -0.2612336 -0.2512884
2.3558543 2.3523035 2.3148448 2.3332260 2.3608398 2.3498867 2.3559380 2.7929666 2.3538480 2.3684781 2.3026814 2.3596406 -0.2030751 -0.2015058 -0.2033755 -0.1990556 -0.2009380 -0.2006980 -0.2015823 -0.1976955 -0.1982452 -0.1948768 -0.1932904 -0.1928735 -0.1842852 -0.1772119 -0.1796081 -0.1705324 -0.1816107 -0.1856989 -0.1722115 -0.1796335 -0.1840020 -0.1685879 -0.1739703 -0.1762508 -0.1778701 -0.1803483 -0.1800961 -0.1921079 -0.1993931 -0.1866928 -0.1704313 -0.1825428 -0.1776579 -0.1848427 -0.1959597 -0.1904503 -0.1810631 -0.1951717 -0.1959455 -0.1928215 -0.2007061 -0.1815006 -0.1869146 -0.1840580 -0.1990167 -0.2009962 -0.0948464 -0.1021451 -0.0999102 -0.0957963 -0.1393541 -0.0983418 -0.1039801 -0.0615817 -0.0842687 -0.1029042 -0.1130431 -0.2153858 -0.2284960 -0.2027636 -0.2202996 -0.2281727 -0.2424016 -0.2337526 -0.0914325 -0.2453499 -0.2336802 -0.2464219 -0.2167876 -0.2154901 -0.2381742 -0.2243105 -0.2488063 -0.2215656 -0.2539197 -0.2372581 -0.2242508 -0.2275851 -0.2282632 -0.2505306 -0.2444380 -0.2369964 -0.2276173 -0.2484693 -0.2487042 -0.2542456 -0.2479578
2.3927419 2.3795431 2.3423090 2.3612609 2.3911519 2.3790305 2.3851402 2.3538480 2.8374422 2.3951559 2.3301725 2.3886375 -0.2008374 -0.1993358 -0.2005041 -0.1975600 -0.1989797 -0.1997867 -0.1988747 -0.1980655 -0.1969220 -0.1937919 -0.1930753 -0.1912788 -0.1880566 -0.1823962 -0.1816632 -0.1732836 -0.1870306 -0.1901420 -0.1749952 -0.1827898 -0.1877929 -0.1742589 -0.1794794 -0.1814513 -0.1819658 -0.1840094 -0.1837752 -0.1979896 -0.2027366 -0.1888768 -0.1734038 -0.1888810 -0.1809211 -0.1899150 -0.2012063 -0.1962735 -0.1795874 -0.1939388 -0.1952836 -0.1909779 -0.1996385 -0.1803170 -0.1864262 -0.1835398 -0.1962782 -0.1978721 -0.0940284 -0.1059871 -0.1021267 -0.0979800 -0.1425431 -0.0997027 -0.1059064 -0.0654400 -0.0853946 -0.1025877 -0.1147752 -0.2171592 -0.2295611 -0.2034098 -0.2204203 -0.2296730 -0.2447712 -0.2347800 -0.0910778 -0.2465286 -0.2364569 -0.2488419 -0.2172499 -0.2160395 -0.2398109 -0.2257610 -0.2510580 -0.2235586 -0.2554253 -0.2394772 -0.2267857 -0.2275327 -0.2280629 -0.2513949 -0.2464453 -0.2386344 -0.2304498 -0.2507306 -0.2493690 -0.2581709 -0.2480517
2.3992825 2.3940475 2.3532183 2.3765030 2.4037218 2.3935421 2.3989065 2.3684781 2.3951559 2.8638155 2.3437262 2.4023321 -0.1981886 -0.1967968 -0.1979003 -0.1942605 -0.1958802 -0.1976481 -0.1981643 -0.1950569 -0.1934199 -0.1905590 -0.1889062 -0.1880881 -0.1845793 -0.1794118 -0.1787538 -0.1709957 -0.1840815 -0.1884029 -0.1718453 -0.1818547 -0.1851199 -0.1702249 -0.1740655 -0.1779807 -0.1806836 -0.1821969 -0.1820511 -0.1942120 -0.2013434 -0.1860924 -0.1693059 -0.1859660 -0.1783953 -0.1864903 -0.1981037 -0.1934642 -0.1776235 -0.1915359 -0.1932232 -0.1885050 -0.1969921 -0.1776639 -0.1830160 -0.1795169 -0.1933752 -0.1948331 -0.0947286 -0.1033900 -0.0995810 -0.0957226 -0.1416351 -0.0985219 -0.1042797 -0.0608046 -0.0834152 -0.0993568 -0.1126886 -0.2228900 -0.2341478 -0.2095891 -0.2253274 -0.2361508 -0.2495667 -0.2404343 -0.0946006 -0.2523930 -0.2403967 -0.2546572 -0.2231848 -0.2207409 -0.2454142 -0.2316819 -0.2549973 -0.2260173 -0.2593276 -0.2428840 -0.2311469 -0.2329537 -0.2329576 -0.2559117 -0.2497095 -0.2438518 -0.2320925 -0.2544526 -0.2529310 -0.2622707 -0.2529832
2.3330598 2.3301210 2.2897024 2.3112254 2.3398945 2.3271885 2.3329942 2.3026814 2.3301725 2.3437262 2.7551148 2.3326316 -0.2075223 -0.2058404 -0.2069243 -0.2036252 -0.2056639 -0.2061908 -0.2038577 -0.2021316 -0.2036048 -0.1991616 -0.1993916 -0.1973054 -0.1872572 -0.1818048 -0.1838822 -0.1728396 -0.1847373 -0.1896837 -0.1774685 -0.1848999 -0.1883405 -0.1749112 -0.1750843 -0.1799476 -0.1800965 -0.1847548 -0.1815124 -0.1949882 -0.2023813 -0.1880601 -0.1731743 -0.1879937 -0.1796439 -0.1878452 -0.1980179 -0.1940849 -0.1844241 -0.1996059 -0.1980354 -0.1964771 -0.2045355 -0.1855620 -0.1909487 -0.1894913 -0.2029253 -0.2052670 -0.0963123 -0.1048913 -0.1021231 -0.0981677 -0.1381941 -0.1007285 -0.1053613 -0.0642817 -0.0889805 -0.1049751 -0.1138432 -0.2096029 -0.2208164 -0.1955443 -0.2125105 -0.2214115 -0.2366760 -0.2267261 -0.0863933 -0.2362268 -0.2267517 -0.2389761 -0.2106556 -0.2071705 -0.2293870 -0.2163366 -0.2422554 -0.2155506 -0.2475187 -0.2317877 -0.2172112 -0.2228003 -0.2195292 -0.2416210 -0.2361562 -0.2311819 -0.2206797 -0.2399698 -0.2382031 -0.2493214 -0.2391489
2.3893785 2.3857775 2.3440521 2.3678479 2.3958056 2.3852708 2.3886344 2.3596406 2.3886375 2.4023321 2.3326316 2.8506036 -0.2001341 -0.1973910 -0.1987917 -0.1956797 -0.1985812 -0.1993355 -0.1991736 -0.1959416 -0.1954426 -0.1900733 -0.1903985 -0.1904141 -0.1859152 -0.1792383 -0.1797804 -0.1727118 -0.1830848 -0.1890955 -0.1748678 -0.1803262 -0.1860890 -0.1718893 -0.1750179 -0.1776188 -0.1800513 -0.1835544 -0.1813216 -0.1945181 -0.2011443 -0.1883003 -0.1718889 -0.1868392 -0.1780564 -0.1866256 -0.1970733 -0.1933230 -0.1785320 -0.1929126 -0.1939469 -0.1892970 -0.1978792 -0.1783583 -0.1842529 -0.1805510 -0.1935924 -0.1966625 -0.0943010 -0.1030347 -0.1015204 -0.0968887 -0.1416658 -0.1014724 -0.1053553 -0.0632246 -0.0834529 -0.1028794 -0.1154249 -0.2192835 -0.2314280 -0.2054045 -0.2224453 -0.2315325 -0.2463053 -0.2386029 -0.0935014 -0.2485886 -0.2369446 -0.2512320 -0.2211454 -0.2196599 -0.2426507 -0.2286042 -0.2519996 -0.2249122 -0.2576832 -0.2412194 -0.2289636 -0.2298599 -0.2292507 -0.2545282 -0.2478850 -0.2415199 -0.2309164 -0.2517588 -0.2512544 -0.2583874 -0.2506408
-0.2057482 -0.2057992 -0.2119896 -0.2023041 -0.2044864 -0.1997321 -0.2010771 -0.2030751 -0.2008374 -0.1981886 -0.2075223 -0.2001341 2.1955106 1.6879959 1.7022804 1.6837316 1.6586679 1.5255754 1.5023028 1.4676276 1.5411887 1.5455617 1.5861485 1.5354620 -0.0109536 -0.0052619 0.0182607 -0.0199754 -0.0090386 -0.0372193 -0.0024078 0.0035705 -0.0452646 0.0107756 -0.0168170 -0.0137660 -0.0008124 0.0017599 -0.0172987 -0.0384982 -0.0355452 -0.0109296 -0.0218115 -0.0212962 -0.0102837 -0.0369298 -0.0337775 -0.0421916 1.3925413 1.4607967 1.2586696 1.5218021 1.4459751 1.3255606 1.3922225 1.5522101 1.6696292 1.6855280 0.1227119 0.0566056 0.1151084 0.1169313 -0.0310273 0.1271183 0.0313405 0.1608801 0.1231032 0.1277291 0.0900179 -0.5175378 -0.5256436 -0.5252485 -0.5266038 -0.5025319 -0.5450302 -0.5442301 -0.4744568 -0.5460272 -0.5405585 -0.5391316 -0.5257334 -0.5303844 -0.5570372 -0.5353915 -0.5151588 -0.4920362 -0.5215837 -0.5042372 -0.4665205 -0.5012494 -0.4826781 -0.5167931 -0.5189778 -0.5073147 -0.4992043 -0.5180558 -0.5281559 -0.5162407 -0.5240923
-0.2041463 -0.2040370 -0.2097351 -0.2011431 -0.2025342 -0.1976080 -0.1985226 -0.2015058 -0.1993358 -0.1967968 -0.2058404 -0.1973910 1.6879959 2.1630528 1.6840857 1.6644009 1.6402529 1.5104316 1.4892962 1.4524733 1.5250536 1.5267372 1.5686777 1.5180227 -0.0134795 -0.0093921 0.0124222 -0.0243651 -0.0121515 -0.0410650 -0.0065226 -0.0010813 -0.0492725 0.0082021 -0.0215342 -0.0159059 -0.0034502 -0.0017457 -0.0202334 -0.0402384 -0.0398857 -0.0155221 -0.0246390 -0.0246535 -0.0131871 -0.0388299 -0.0386034 -0.0453630 1.3796568 1.4444166 1.2482396 1.5041287 1.4325931 1.3116225 1.3770230 1.5341791 1.6504036 1.6648798 0.1204455 0.0537694 0.1141425 0.1158637 -0.0302069 0.1266635 0.0308762 0.1595937 0.1205177 0.1260759 0.0896591 -0.5122372 -0.5194697 -0.5187350 -0.5191696 -0.4964911 -0.5394258 -0.5373451 -0.4685047 -0.5396101 -0.5338371 -0.5335119 -0.5202633 -0.5242555 -0.5485190 -0.5288675 -0.5093001 -0.4877956 -0.5157620 -0.4984584 -0.4604415 -0.4955952 -0.4769759 -0.5120724 -0.5127701 -0.5015329 -0.4933143 -0.5131863 -0.5223120 -0.5091864 -0.5177136
-0.2062145 -0.2048495 -0.2116405 -0.2015716 -0.2041547 -0.1979257 -0.2001302 -0.2033755 -0.2005041 -0.1979003 -0.2069243 -0.1987917 1.7022804 1.6840857 2.1876409 1.6704535 1.6531740 1.5184201 1.4943371 1.4652079 1.5354259 1.5390378 1.5799074 1.5248640 -0.0078796 -0.0050135 0.0167315 -0.0188761 -0.0068935 -0.0368431 -0.0022220 0.0049274 -0.0437597 0.0126085 -0.0167657 -0.0131099 0.0009577 0.0026791 -0.0163368 -0.0369051 -0.0359499 -0.0106247 -0.0209483 -0.0207076 -0.0098522 -0.0340890 -0.0332491 -0.0413251 1.3882101 1.4568211 1.2533057 1.5148449 1.4413146 1.3222262 1.3869201 1.5474746 1.6624314 1.6782814 0.1249102 0.0574203 0.1170472 0.1194103 -0.0278198 0.1315034 0.0341690 0.1621173 0.1274893 0.1295532 0.0927336 -0.5186787 -0.5251359 -0.5247622 -0.5246602 -0.5012107 -0.5450452 -0.5448000 -0.4737645 -0.5450025 -0.5390436 -0.5393352 -0.5260073 -0.5312003 -0.5558958 -0.5346600 -0.5158218 -0.4922529 -0.5206888 -0.5040503 -0.4660086 -0.5013236 -0.4817642 -0.5167739 -0.5200969 -0.5066797 -0.4984843 -0.5184916 -0.5268751 -0.5155234 -0.5233085
-0.2021689 -0.2020248 -0.2081156 -0.1985502 -0.2006596 -0.1957634 -0.1971658 -0.1990556 -0.1975600 -0.1942605 -0.2036252 -0.1956797 1.6837316 1.6644009 1.6704535 2.2192392 1.6750501 1.5243101 1.5026094 1.4696629 1.5425929 1.5482476 1.5883154 1.5392363 -0.0124190 -0.0064313 0.0156688 -0.0212105 -0.0083955 -0.0372491 0.0011836 0.0032468 -0.0459941 0.0109936 -0.0164742 -0.0137655 -0.0012435 -0.0008276 -0.0179497 -0.0373081 -0.0376700 -0.0110477 -0.0228427 -0.0213982 -0.0110432 -0.0387993 -0.0360389 -0.0427526 1.3905017 1.4605465 1.2583475 1.5154144 1.4468915 1.3246988 1.3887565 1.5508249 1.6701499 1.6788127 0.1225952 0.0546467 0.1145115 0.1200841 -0.0302436 0.1280895 0.0308560 0.1618830 0.1239425 0.1272164 0.0892295 -0.5182589 -0.5249836 -0.5253851 -0.5252693 -0.5020349 -0.5452725 -0.5454898 -0.4733478 -0.5444946 -0.5408124 -0.5388381 -0.5255978 -0.5300514 -0.5560347 -0.5355942 -0.5159670 -0.4908370 -0.5200417 -0.5034953 -0.4667514 -0.5021968 -0.4812076 -0.5177448 -0.5189770 -0.5069294 -0.4978143 -0.5189959 -0.5287721 -0.5149865 -0.5251160
-0.2035593 -0.2028276 -0.2090831 -0.2010271 -0.2018970 -0.1969417 -0.1979694 -0.2009380 -0.1989797 -0.1958802 -0.2056639 -0.1985812 1.6586679 1.6402529 1.6531740 1.6750501 2.1694572 1.5089197 1.4862243 1.4539287 1.5268358 1.5327573 1.5703636 1.5205060 -0.0121372 -0.0072742 0.0147379 -0.0218755 -0.0081367 -0.0394339 -0.0039720 0.0007114 -0.0461931 0.0090855 -0.0178077 -0.0130990 -0.0020132 -0.0011350 -0.0183014 -0.0382919 -0.0370283 -0.0122533 -0.0223194 -0.0224363 -0.0117307 -0.0355324 -0.0349862 -0.0424797 1.3805814 1.4481322 1.2443411 1.5035489 1.4373775 1.3122910 1.3789867 1.5338243 1.6544855 1.6656944 0.1195551 0.0547917 0.1115730 0.1159852 -0.0296350 0.1291018 0.0311985 0.1587019 0.1240364 0.1276661 0.0901123 -0.5113294 -0.5199654 -0.5195402 -0.5195203 -0.4965497 -0.5391324 -0.5377585 -0.4688040 -0.5399051 -0.5342792 -0.5320101 -0.5204084 -0.5247266 -0.5496737 -0.5300292 -0.5106538 -0.4857446 -0.5146196 -0.4972531 -0.4613103 -0.4957936 -0.4774492 -0.5120084 -0.5131887 -0.5002413 -0.4944466 -0.5130493 -0.5232033 -0.5101894 -0.5192407
-0.2036810 -0.2032462 -0.2091558 -0.2011971 -0.2030171 -0.1981769 -0.2001270 -0.2006980 -0.1997867 -0.1976481 -0.2061908 -0.1993355 1.5255754 1.5104316 1.5184201 1.5243101 1.5089197 1.9957801 1.3858931 1.3574972 1.4180286 1.4190745 1.4487494 1.4172844 -0.0125800 -0.0098305 0.0109570 -0.0224294 -0.0096442 -0.0378089 -0.0061513 -0.0013324 -0.0439761 0.0074061 -0.0177006 -0.0152281 -0.0051593 -0.0002830 -0.0154773 -0.0340252 -0.0341119 -0.0136856 -0.0210550 -0.0230971 -0.0111224 -0.0342167 -0.0329134 -0.0407777 1.2744651 1.3358175 1.1545030 1.3864734 1.3217747 1.2118484 1.2709504 1.4090662 1.5198617 1.5321007 0.1173334 0.0531762 0.1095888 0.1119364 -0.0237219 0.1253353 0.0347741 0.1503503 0.1191796 0.1236451 0.0866511 -0.4763186 -0.4824324 -0.4827195 -0.4850687 -0.4611479 -0.5032137 -0.5012670 -0.4359685 -0.5014057 -0.4965856 -0.4963446 -0.4860795 -0.4885924 -0.5121477 -0.4927914 -0.4727382 -0.4532395 -0.4799719 -0.4643307 -0.4267487 -0.4647961 -0.4438681 -0.4758830 -0.4782400 -0.4671903 -0.4574693 -0.4779735 -0.4873848 -0.4748895 -0.4828338
-0.2031236 -0.2039535 -0.2086500 -0.2007633 -0.2013129 -0.1982605 -0.1992285 -0.2015823 -0.1988747 -0.1981643 -0.2038577 -0.1991736 1.5023028 1.4892962 1.4943371 1.5026094 1.4862243 1.3858931 1.9455459 1.3325804 1.3926675 1.3982307 1.4254696 1.3889287 -0.0096718 -0.0082007 0.0113568 -0.0181990 -0.0109237 -0.0349219 -0.0057282 -0.0015150 -0.0427189 0.0101751 -0.0170184 -0.0125260 -0.0018878 0.0014674 -0.0163903 -0.0344886 -0.0320809 -0.0088025 -0.0208059 -0.0193850 -0.0105238 -0.0325678 -0.0326144 -0.0381100 1.2509816 1.3164233 1.1341187 1.3638885 1.2990940 1.1944171 1.2521927 1.3868408 1.4955822 1.5067315 0.1149640 0.0548316 0.1084727 0.1135223 -0.0212745 0.1229369 0.0321601 0.1517499 0.1156783 0.1211693 0.0870054 -0.4716603 -0.4765607 -0.4766943 -0.4791936 -0.4556188 -0.4965489 -0.4953791 -0.4307080 -0.4976557 -0.4904226 -0.4894154 -0.4788458 -0.4812818 -0.5048668 -0.4864124 -0.4682981 -0.4495280 -0.4738973 -0.4582066 -0.4204202 -0.4569760 -0.4377716 -0.4696552 -0.4717564 -0.4611771 -0.4525484 -0.4733187 -0.4820160 -0.4681346 -0.4774809
-0.2013224 -0.2022207 -0.2070918 -0.1985200 -0.1997390 -0.1950165 -0.1969401 -0.1976955 -0.1980655 -0.1950569 -0.2021316 -0.1959416 1.4676276 1.4524733 1.4652079 1.4696629 1.4539287 1.3574972 1.3325804 1.9104246 1.3762130 1.3651650 1.4016533 1.3558710 -0.0004253 -0.0000892 0.0194068 -0.0113133 -0.0006404 -0.0271191 0.0032170 0.0088653 -0.0334185 0.0165126 -0.0079672 -0.0047372 0.0081967 0.0089754 -0.0079775 -0.0237922 -0.0222490 -0.0024893 -0.0132479 -0.0121074 -0.0015835 -0.0258330 -0.0221642 -0.0294299 1.2290226 1.2918168 1.1102954 1.3355957 1.2737918 1.1719846 1.2249951 1.3671196 1.4585732 1.4671059 0.1195604 0.0573377 0.1115518 0.1174961 -0.0178154 0.1265615 0.0403521 0.1515924 0.1200861 0.1227709 0.0909446 -0.4669874 -0.4727876 -0.4734898 -0.4754491 -0.4533784 -0.4923369 -0.4906666 -0.4252974 -0.4930482 -0.4855223 -0.4857538 -0.4762194 -0.4784287 -0.5024862 -0.4832676 -0.4658391 -0.4444355 -0.4692304 -0.4544344 -0.4169807 -0.4537760 -0.4359844 -0.4660404 -0.4674131 -0.4566498 -0.4494002 -0.4689095 -0.4774797 -0.4639345 -0.4730536
-0.2014689 -0.2004965 -0.2061356 -0.1982776 -0.1995374 -0.1957709 -0.1957752 -0.1982452 -0.1969220 -0.1934199 -0.2036048 -0.1954426 1.5411887 1.5250536 1.5354259 1.5425929 1.5268358 1.4180286 1.3926675 1.3762130 2.0257080 1.4305552 1.4758130 1.4225699 -0.0012203 0.0076853 0.0273106 -0.0052548 0.0050768 -0.0228597 0.0107193 0.0155129 -0.0298170 0.0251875 -0.0031124 -0.0007757 0.0125455 0.0151879 -0.0027134 -0.0234354 -0.0205920 0.0014598 -0.0069695 -0.0057515 0.0041633 -0.0221934 -0.0200759 -0.0282608 1.2875551 1.3515720 1.1640738 1.4024289 1.3324370 1.2303716 1.2891786 1.4300365 1.5407506 1.5486434 0.1292122 0.0635806 0.1207324 0.1234267 -0.0180898 0.1345561 0.0420769 0.1642092 0.1295903 0.1337699 0.0971302 -0.4901623 -0.4981889 -0.4971239 -0.4995798 -0.4750704 -0.5179561 -0.5173133 -0.4473064 -0.5185673 -0.5130316 -0.5104301 -0.4999305 -0.5033800 -0.5278298 -0.5078486 -0.4890906 -0.4680741 -0.4952805 -0.4789876 -0.4404546 -0.4761835 -0.4563928 -0.4914199 -0.4920052 -0.4811898 -0.4728438 -0.4917594 -0.5022519 -0.4900251 -0.4977153
-0.1974357 -0.1971057 -0.2017566 -0.1944301 -0.1968079 -0.1920195 -0.1921254 -0.1948768 -0.1937919 -0.1905590 -0.1991616 -0.1900733 1.5455617 1.5267372 1.5390378 1.5482476 1.5327573 1.4190745 1.3982307 1.3651650 1.4305552 2.0050197 1.4757465 1.4252723 -0.0099874 -0.0028858 0.0168420 -0.0162985 -0.0072804 -0.0339732 -0.0019029 0.0036545 -0.0394654 0.0135525 -0.0122803 -0.0099412 0.0019422 0.0030435 -0.0122557 -0.0318521 -0.0315623 -0.0077763 -0.0193429 -0.0193863 -0.0079812 -0.0319014 -0.0295588 -0.0362654 1.2893062 1.3555193 1.1702961 1.4042803 1.3381590 1.2272302 1.2914526 1.4335519 1.5440611 1.5526499 0.1221942 0.0566643 0.1154512 0.1167738 -0.0231785 0.1265649 0.0357247 0.1546526 0.1229910 0.1256916 0.0905705 -0.4856524 -0.4933541 -0.4919220 -0.4938422 -0.4697783 -0.5120922 -0.5109525 -0.4438158 -0.5133913 -0.5060071 -0.5051646 -0.4955323 -0.4974725 -0.5226716 -0.5030550 -0.4826713 -0.4633318 -0.4896016 -0.4724379 -0.4351330 -0.4713965 -0.4524282 -0.4844361 -0.4874972 -0.4758776 -0.4665636 -0.4880711 -0.4941844 -0.4839314 -0.4920530
-0.1970186 -0.1966169 -0.2024977 -0.1940998 -0.1956072 -0.1913633 -0.1915738 -0.1932904 -0.1930753 -0.1889062 -0.1993916 -0.1903985 1.5861485 1.5686777 1.5799074 1.5883154 1.5703636 1.4487494 1.4254696 1.4016533 1.4758130 1.4757465 2.0689795 1.4611325 -0.0062049 -0.0002642 0.0195182 -0.0119925 -0.0031523 -0.0301580 0.0038321 0.0099136 -0.0359526 0.0170863 -0.0110655 -0.0079010 0.0042609 0.0070000 -0.0115398 -0.0309411 -0.0268872 -0.0050731 -0.0152091 -0.0165585 -0.0027558 -0.0290960 -0.0262585 -0.0349452 1.3221638 1.3879339 1.1973066 1.4430491 1.3714415 1.2596705 1.3200623 1.4711937 1.5814968 1.5922769 0.1224418 0.0577224 0.1178740 0.1186486 -0.0241242 0.1283692 0.0379908 0.1601866 0.1259416 0.1292079 0.0926697 -0.4994389 -0.5057867 -0.5056645 -0.5062507 -0.4845046 -0.5254429 -0.5250380 -0.4545083 -0.5262790 -0.5212080 -0.5187644 -0.5088405 -0.5090683 -0.5354311 -0.5142696 -0.4985030 -0.4750293 -0.5020370 -0.4851224 -0.4479797 -0.4842741 -0.4645235 -0.4982619 -0.4992970 -0.4891405 -0.4797944 -0.5002399 -0.5097777 -0.4977524 -0.5051866
-0.1956545 -0.1946277 -0.2014058 -0.1924702 -0.1934542 -0.1889862 -0.1912493 -0.1928735 -0.1912788 -0.1880881 -0.1973054 -0.1904141 1.5354620 1.5180227 1.5248640 1.5392363 1.5205060 1.4172844 1.3889287 1.3558710 1.4225699 1.4252723 1.4611325 1.9887637 -0.0046017 -0.0009393 0.0204732 -0.0110356 -0.0010144 -0.0282547 0.0044109 0.0113566 -0.0357948 0.0188720 -0.0079779 -0.0046821 0.0036346 0.0089244 -0.0101542 -0.0282131 -0.0254368 -0.0027697 -0.0122095 -0.0123677 -0.0009165 -0.0265257 -0.0253110 -0.0316005 1.2896173 1.3475925 1.1615585 1.3966740 1.3291076 1.2237556 1.2818393 1.4273101 1.5297546 1.5419062 0.1241418 0.0602201 0.1166210 0.1195844 -0.0193582 0.1291851 0.0382985 0.1587554 0.1250354 0.1288622 0.0929902 -0.4863310 -0.4944956 -0.4916688 -0.4950435 -0.4716441 -0.5126415 -0.5118263 -0.4446467 -0.5148799 -0.5066428 -0.5054255 -0.4951561 -0.4980215 -0.5228944 -0.5025713 -0.4848119 -0.4631731 -0.4889235 -0.4745635 -0.4358393 -0.4724634 -0.4541075 -0.4859152 -0.4880870 -0.4765580 -0.4685397 -0.4886490 -0.4970699 -0.4851275 -0.4942323
-0.1879790 -0.1866029 -0.1908825 -0.1865467 -0.1861078 -0.1833882 -0.1816366 -0.1842852 -0.1880566 -0.1845793 -0.1872572 -0.1859152 -0.0109536 -0.0134795 -0.0078796 -0.0124190 -0.0121372 -0.0125800 -0.0096718 -0.0004253 -0.0012203 -0.0099874 -0.0062049 -0.0046017 1.5450599 0.7872412 0.7548238 0.7195506 0.7711157 0.7154821 0.7650623 0.7481332 0.7008390 0.7237495 0.7033571 0.7042217 0.6973842 0.6907905 0.6712443 0.6715313 0.6577243 0.6977696 0.6975030 0.7101394 0.6972725 0.6786467 0.7032211 0.7123769 0.0377018 0.0111803 -0.0080709 0.0019005 -0.0024423 0.0539718 0.0198262 0.0100187 -0.0101253 -0.0057050 0.3785591 0.3647752 0.3870257 0.3764204 0.2804862 0.3697247 0.3088672 0.4050975 0.3937785 0.3744929 0.3451505 -0.3882896 -0.3950768 -0.3904973 -0.4026819 -0.3797976 -0.4139426 -0.4161306 -0.3468574 -0.4176011 -0.4033719 -0.4149509 -0.4024499 -0.4020743 -0.4190473 -0.4072019 -0.4023275 -0.3773884 -0.4046486 -0.3882499 -0.3541171 -0.3904628 -0.3756072 -0.3984964 -0.3995750 -0.3864485 -0.3820568 -0.4027039 -0.4032730 -0.3951984 -0.4042608
-0.1818356 -0.1817616 -0.1860641 -0.1807072 -0.1801673 -0.1756123 -0.1758324 -0.1772119 -0.1823962 -0.1794118 -0.1818048 -0.1792383 -0.0052619 -0.0093921 -0.0050135 -0.0064313 -0.0072742 -0.0098305 -0.0082007 -0.0000892 0.0076853 -0.0028858 -0.0002642 -0.0009393 0.7872412 1.6353028 0.7834713 0.7614235 0.8335030 0.7543494 0.8052675 0.7982513 0.7362198 0.7682692 0.7400961 0.7356358 0.7407008 0.7286553 0.7079275 0.6983344 0.6921067 0.7399696 0.7345738 0.7546538 0.7389959 0.7146813 0.7428927 0.7469856 0.0446785 0.0150085 -0.0059947 0.0071418 0.0011936 0.0620423 0.0246582 0.0196581 -0.0017634 0.0036999 0.3973054 0.3832314 0.4040025 0.3937892 0.2971171 0.3904542 0.3217909 0.4279316 0.4094157 0.3908181 0.3607664 -0.4120664 -0.4166141 -0.4137855 -0.4235331 -0.3991012 -0.4365177 -0.4385303 -0.3659796 -0.4398261 -0.4256471 -0.4362459 -0.4256162 -0.4224660 -0.4425658 -0.4282921 -0.4217296 -0.3964879 -0.4240591 -0.4095372 -0.3754807 -0.4107152 -0.3931201 -0.4187520 -0.4222153 -0.4075983 -0.4021522 -0.4231878 -0.4234025 -0.4178141 -0.4244452
-0.1840408 -0.1822653 -0.1865072 -0.1816890 -0.1798478 -0.1782630 -0.1777346 -0.1796081 -0.1816632 -0.1787538 -0.1838822 -0.1797804 0.0182607 0.0124222 0.0167315 0.0156688 0.0147379 0.0109570 0.0113568 0.0194068 0.0273106 0.0168420 0.0195182 0.0204732 0.7548238 0.7834713 1.5730121 0.7507255 0.7585781 0.7357741 0.7944049 0.7809840 0.7251416 0.7510559 0.7212231 0.7176129 0.7166607 0.7070847 0.6904488 0.6805599 0.6665380 0.7190935 0.7174067 0.7280949 0.7184220 0.6941427 0.7221284 0.7266150 0.0617554 0.0320268 0.0110597 0.0250299 0.0173481 0.0800442 0.0408478 0.0367452 0.0173698 0.0221393 0.3901983 0.3761722 0.3985214 0.3843743 0.2864775 0.3788560 0.3164821 0.4217377 0.4055911 0.3820413 0.3532650 -0.4091099 -0.4120750 -0.4088494 -0.4215270 -0.3948529 -0.4353556 -0.4358393 -0.3633569 -0.4371090 -0.4222050 -0.4339170 -0.4205485 -0.4186272 -0.4381107 -0.4258473 -0.4188412 -0.3924579 -0.4217054 -0.4039772 -0.3712702 -0.4047071 -0.3917117 -0.4162008 -0.4171742 -0.4037395 -0.3983307 -0.4180151 -0.4203866 -0.4113882 -0.4215208
-0.1753692 -0.1738304 -0.1766782 -0.1736507 -0.1738186 -0.1712997 -0.1679246 -0.1705324 -0.1732836 -0.1709957 -0.1728396 -0.1727118 -0.0199754 -0.0243651 -0.0188761 -0.0212105 -0.0218755 -0.0224294 -0.0181990 -0.0113133 -0.0052548 -0.0162985 -0.0119925 -0.0110356 0.7195506 0.7614235 0.7507255 1.5186555 0.7347299 0.7161230 0.7752697 0.7634062 0.7087542 0.7291115 0.7057161 0.7035341 0.6952983 0.6844854 0.6718446 0.6641017 0.6513477 0.6959381 0.6980567 0.7116663 0.7003233 0.6758280 0.7016210 0.7057178 0.0330744 0.0028604 -0.0147114 -0.0048178 -0.0114932 0.0536283 0.0116190 0.0037830 -0.0204638 -0.0155514 0.3841790 0.3650520 0.3849245 0.3749124 0.2829020 0.3713477 0.3111708 0.4064113 0.3928489 0.3743717 0.3458666 -0.3879803 -0.3915628 -0.3910228 -0.3998750 -0.3778985 -0.4148568 -0.4136347 -0.3458250 -0.4164908 -0.4012866 -0.4131583 -0.4018151 -0.3992265 -0.4175395 -0.4046551 -0.3995841 -0.3758763 -0.4047249 -0.3889223 -0.3527559 -0.3892642 -0.3738083 -0.3975534 -0.3988328 -0.3843609 -0.3802978 -0.3996495 -0.4019480 -0.3927543 -0.4041754
-0.1875085 -0.1855472 -0.1872333 -0.1835822 -0.1837444 -0.1805078 -0.1776637 -0.1816107 -0.1870306 -0.1840815 -0.1847373 -0.1830848 -0.0090386 -0.0121515 -0.0068935 -0.0083955 -0.0081367 -0.0096442 -0.0109237 -0.0006404 0.0050768 -0.0072804 -0.0031523 -0.0010144 0.7711157 0.8335030 0.7585781 0.7347299 1.5356102 0.7271990 0.7735409 0.7659517 0.7105284 0.7415723 0.7109244 0.7140594 0.7134258 0.6988586 0.6855222 0.6735691 0.6638716 0.7096558 0.7058336 0.7223113 0.7093156 0.6877179 0.7151938 0.7162811 0.0407382 0.0123716 -0.0067840 0.0041350 0.0000549 0.0605125 0.0220675 0.0142462 -0.0053795 -0.0009014 0.3890804 0.3726136 0.3908176 0.3840853 0.2880985 0.3765806 0.3154236 0.4145739 0.4006414 0.3836455 0.3484335 -0.3974195 -0.4018485 -0.3985948 -0.4090687 -0.3859479 -0.4238416 -0.4239852 -0.3541642 -0.4258723 -0.4106118 -0.4240463 -0.4102807 -0.4090567 -0.4263228 -0.4150423 -0.4085250 -0.3848937 -0.4124286 -0.3957196 -0.3610032 -0.3976572 -0.3825711 -0.4058539 -0.4065594 -0.3946109 -0.3872117 -0.4094621 -0.4118270 -0.4018911 -0.4110753
-0.1914499 -0.1893418 -0.1919425 -0.1887597 -0.1890930 -0.1860144 -0.1855430 -0.1856989 -0.1901420 -0.1884029 -0.1896837 -0.1890955 -0.0372193 -0.0410650 -0.0368431 -0.0372491 -0.0394339 -0.0378089 -0.0349219 -0.0271191 -0.0228597 -0.0339732 -0.0301580 -0.0282547 0.7154821 0.7543494 0.7357741 0.7161230 0.7271990 1.4678162 0.8241825 0.7890484 0.7301283 0.7088832 0.6909448 0.6926150 0.6891604 0.6726373 0.6605273 0.6547800 0.6439131 0.6871863 0.6839463 0.7026558 0.6882787 0.6681159 0.6986015 0.7005786 0.0146738 -0.0125837 -0.0266760 -0.0199166 -0.0246509 0.0358885 -0.0008875 -0.0112310 -0.0364928 -0.0330539 0.3773148 0.3659318 0.3839699 0.3741489 0.2831976 0.3665029 0.3106209 0.4034246 0.3892652 0.3710710 0.3408007 -0.3784955 -0.3827214 -0.3792162 -0.3909416 -0.3676993 -0.4047481 -0.4054048 -0.3375216 -0.4070963 -0.3910044 -0.4031651 -0.3926652 -0.3916622 -0.4076396 -0.3950125 -0.3903821 -0.3690296 -0.3936019 -0.3797693 -0.3427508 -0.3803672 -0.3671302 -0.3873101 -0.3884887 -0.3738403 -0.3704216 -0.3921065 -0.3931836 -0.3838452 -0.3920470
-0.1756617 -0.1759172 -0.1789733 -0.1757933 -0.1748485 -0.1707909 -0.1702930 -0.1722115 -0.1749952 -0.1718453 -0.1774685 -0.1748678 -0.0024078 -0.0065226 -0.0022220 0.0011836 -0.0039720 -0.0061513 -0.0057282 0.0032170 0.0107193 -0.0019029 0.0038321 0.0044109 0.7650623 0.8052675 0.7944049 0.7752697 0.7735409 0.8241825 1.6465478 0.8595479 0.7905678 0.7562706 0.7319683 0.7387975 0.7284591 0.7142861 0.6976971 0.6907800 0.6774109 0.7325025 0.7251881 0.7436978 0.7289463 0.7077492 0.7322382 0.7379410 0.0480769 0.0161562 -0.0031252 0.0088076 0.0025900 0.0668594 0.0276801 0.0242893 -0.0009226 0.0013311 0.3957514 0.3878804 0.4046942 0.3936929 0.2924482 0.3880487 0.3230409 0.4305780 0.4129905 0.3954901 0.3585861 -0.4139477 -0.4174966 -0.4146128 -0.4248141 -0.4006766 -0.4391067 -0.4389832 -0.3683946 -0.4433048 -0.4284728 -0.4398379 -0.4277371 -0.4272474 -0.4436745 -0.4306792 -0.4227020 -0.3976763 -0.4270980 -0.4108023 -0.3773217 -0.4095860 -0.3958027 -0.4209795 -0.4248069 -0.4096497 -0.4047915 -0.4233024 -0.4266874 -0.4169747 -0.4258436
-0.1839801 -0.1843095 -0.1883729 -0.1835517 -0.1813275 -0.1788582 -0.1771775 -0.1796335 -0.1827898 -0.1818547 -0.1848999 -0.1803262 0.0035705 -0.0010813 0.0049274 0.0032468 0.0007114 -0.0013324 -0.0015150 0.0088653 0.0155129 0.0036545 0.0099136 0.0113566 0.7481332 0.7982513 0.7809840 0.7634062 0.7659517 0.7890484 0.8595479 1.6399022 0.7848929 0.7586882 0.7318022 0.7360778 0.7225605 0.7085440 0.6915325 0.6884876 0.6740842 0.7244000 0.7242633 0.7375916 0.7244240 0.7001564 0.7255365 0.7328694 0.0520894 0.0233639 0.0009402 0.0164309 0.0082400 0.0728059 0.0326344 0.0281950 0.0065613 0.0100905 0.3977468 0.3803879 0.4033935 0.3921501 0.2919905 0.3841239 0.3202840 0.4247877 0.4092529 0.3883145 0.3551735 -0.4096644 -0.4150369 -0.4112011 -0.4218279 -0.3977095 -0.4359310 -0.4380228 -0.3656155 -0.4401365 -0.4245211 -0.4353675 -0.4222369 -0.4225183 -0.4410228 -0.4270623 -0.4225264 -0.3957225 -0.4230360 -0.4084410 -0.3741538 -0.4076964 -0.3952926 -0.4174823 -0.4202414 -0.4049471 -0.4017841 -0.4192148 -0.4221667 -0.4152494 -0.4223995
-0.1892076 -0.1882954 -0.1899110 -0.1874872 -0.1867687 -0.1839963 -0.1827571 -0.1840020 -0.1877929 -0.1851199 -0.1883405 -0.1860890 -0.0452646 -0.0492725 -0.0437597 -0.0459941 -0.0461931 -0.0439761 -0.0427189 -0.0334185 -0.0298170 -0.0394654 -0.0359526 -0.0357948 0.7008390 0.7362198 0.7251416 0.7087542 0.7105284 0.7301283 0.7905678 0.7848929 1.4522489 0.7007800 0.6780413 0.6798757 0.6784003 0.6640328 0.6494609 0.6448004 0.6299915 0.6770969 0.6708763 0.6915812 0.6748771 0.6567193 0.6860574 0.6872833 0.0068436 -0.0214927 -0.0327749 -0.0301338 -0.0332952 0.0280034 -0.0081284 -0.0202064 -0.0451267 -0.0430264 0.3723308 0.3608376 0.3774839 0.3687720 0.2824840 0.3624326 0.3068286 0.3970031 0.3831764 0.3669005 0.3366099 -0.3719440 -0.3747379 -0.3705650 -0.3826123 -0.3617055 -0.3960850 -0.3960479 -0.3299082 -0.3980887 -0.3819329 -0.3949580 -0.3840434 -0.3819897 -0.3974546 -0.3861158 -0.3831352 -0.3607365 -0.3845084 -0.3715022 -0.3348618 -0.3719867 -0.3596381 -0.3794116 -0.3806665 -0.3668362 -0.3636625 -0.3819676 -0.3860832 -0.3747182 -0.3843663
-0.1746374 -0.1744805 -0.1796845 -0.1736532 -0.1739766 -0.1700524 -0.1690492 -0.1685879 -0.1742589 -0.1702249 -0.1749112 -0.1718893 0.0107756 0.0082021 0.0126085 0.0109936 0.0090855 0.0074061 0.0101751 0.0165126 0.0251875 0.0135525 0.0170863 0.0188720 0.7237495 0.7682692 0.7510559 0.7291115 0.7415723 0.7088832 0.7562706 0.7586882 0.7007800 1.5702528 0.7360225 0.7287762 0.7041947 0.6987789 0.6818881 0.6710541 0.6600570 0.7095045 0.7089665 0.7268800 0.7148716 0.6861525 0.7135250 0.7172876 0.0566201 0.0296468 0.0077088 0.0247529 0.0158970 0.0761487 0.0398798 0.0338498 0.0140143 0.0158916 0.3905350 0.3729472 0.3922966 0.3825639 0.2883619 0.3775109 0.3119869 0.4164998 0.4000534 0.3831722 0.3493824 -0.4012243 -0.4080370 -0.4043091 -0.4145843 -0.3896871 -0.4281842 -0.4270833 -0.3578987 -0.4298466 -0.4161258 -0.4274291 -0.4167490 -0.4134786 -0.4324130 -0.4174533 -0.4125674 -0.3881870 -0.4172441 -0.3992704 -0.3664050 -0.4020311 -0.3864796 -0.4104196 -0.4114878 -0.3973268 -0.3930011 -0.4138276 -0.4167073 -0.4071169 -0.4152701
-0.1786349 -0.1765574 -0.1792184 -0.1757102 -0.1745823 -0.1728666 -0.1706046 -0.1739703 -0.1794794 -0.1740655 -0.1750843 -0.1750179 -0.0168170 -0.0215342 -0.0167657 -0.0164742 -0.0178077 -0.0177006 -0.0170184 -0.0079672 -0.0031124 -0.0122803 -0.0110655 -0.0079779 0.7033571 0.7400961 0.7212231 0.7057161 0.7109244 0.6909448 0.7319683 0.7318022 0.6780413 0.7360225 1.4972484 0.6953962 0.6924580 0.6813581 0.6563371 0.6544677 0.6390384 0.6842960 0.6853873 0.7081204 0.6904712 0.6681862 0.6934026 0.6974728 0.0313400 0.0032251 -0.0126796 -0.0030292 -0.0074095 0.0485664 0.0157900 0.0067405 -0.0167415 -0.0110201 0.3759841 0.3583147 0.3744326 0.3677839 0.2768218 0.3625515 0.3038333 0.3956442 0.3833740 0.3630665 0.3365965 -0.3806460 -0.3867751 -0.3834648 -0.3928714 -0.3717113 -0.4080026 -0.4082336 -0.3392676 -0.4103501 -0.3950803 -0.4069924 -0.3936117 -0.3922341 -0.4113331 -0.3988903 -0.3917311 -0.3700486 -0.3960488 -0.3796055 -0.3462527 -0.3840513 -0.3662515 -0.3900786 -0.3934006 -0.3787978 -0.3727870 -0.3938355 -0.3938088 -0.3868195 -0.3951683
-0.1809228 -0.1808474 -0.1827440 -0.1793469 -0.1783641 -0.1767527 -0.1754133 -0.1762508 -0.1814513 -0.1779807 -0.1799476 -0.1776188 -0.0137660 -0.0159059 -0.0131099 -0.0137655 -0.0130990 -0.0152281 -0.0125260 -0.0047372 -0.0007757 -0.0099412 -0.0079010 -0.0046821 0.7042217 0.7356358 0.7176129 0.7035341 0.7140594 0.6926150 0.7387975 0.7360778 0.6798757 0.7287762 0.6953962 1.4729229 0.6869097 0.6764782 0.6590092 0.6501343 0.6422818 0.6867626 0.6882694 0.7053164 0.6812548 0.6632835 0.6928716 0.6926518 0.0367144 0.0087011 -0.0082069 0.0014151 -0.0040718 0.0539716 0.0187914 0.0105721 -0.0103661 -0.0071535 0.3773082 0.3618131 0.3799251 0.3727623 0.2811772 0.3677702 0.3085493 0.4001739 0.3881071 0.3707779 0.3382682 -0.3824176 -0.3854411 -0.3837957 -0.3942633 -0.3723747 -0.4101543 -0.4088512 -0.3422673 -0.4100446 -0.3961095 -0.4072553 -0.3963718 -0.3943450 -0.4106188 -0.3982686 -0.3944303 -0.3700568 -0.3989712 -0.3830110 -0.3463815 -0.3835782 -0.3674493 -0.3915414 -0.3935485 -0.3792113 -0.3738275 -0.3933377 -0.3969547 -0.3872768 -0.3969725
-0.1833236 -0.1824933 -0.1852605 -0.1836844 -0.1808508 -0.1776592 -0.1768736 -0.1778701 -0.1819658 -0.1806836 -0.1800965 -0.1800513 -0.0008124 -0.0034502 0.0009577 -0.0012435 -0.0020132 -0.0051593 -0.0018878 0.0081967 0.0125455 0.0019422 0.0042609 0.0036346 0.6973842 0.7407008 0.7166607 0.6952983 0.7134258 0.6891604 0.7284591 0.7225605 0.6784003 0.7041947 0.6924580 0.6869097 1.5008640 0.6857110 0.6780110 0.6547074 0.6472932 0.6954557 0.6858726 0.7083722 0.6880081 0.6742240 0.6974252 0.6993207 0.0473952 0.0177806 0.0017540 0.0121537 0.0061218 0.0633541 0.0287257 0.0213952 0.0009064 0.0063914 0.3751789 0.3631606 0.3822425 0.3705791 0.2786538 0.3677515 0.3057302 0.4049318 0.3860874 0.3709867 0.3402271 -0.3852571 -0.3909359 -0.3885127 -0.3984265 -0.3752893 -0.4128533 -0.4132227 -0.3456908 -0.4140545 -0.3992607 -0.4121218 -0.3991936 -0.3977767 -0.4169676 -0.4035850 -0.3994056 -0.3718466 -0.3994608 -0.3835929 -0.3504195 -0.3884488 -0.3717880 -0.3939366 -0.3967998 -0.3814823 -0.3774871 -0.4000432 -0.3997301 -0.3915389 -0.3982607
